0 0.653359375 0.68675 0.027374999999999972 0.030916666666666613
0 0.6762265625000001 0.6951249999999999 0.029671875000000014 0.028250000000000004
0 0.6319296875 0.7057916666666666 0.028859374999999955 0.03166666666666664
0 0.6265937500000001 0.6836458333333333 0.02731250000000003 0.019666666666666662
0 0.6553515625 0.69140625 0.10507812500000001 0.06989583333333335
0 0.42370312499999996 0.48502083333333335 0.05831249999999999 0.07774999999999999
0 0.3808281250000001 0.5098541666666666 0.05815625000000005 0.038291666666666654
0 0.31015625 0.26101041666666663 0.02840625000000001 0.039645833333333366
0 0.2559765625 0.25902083333333337 0.017984374999999986 0.030833333333333355
1 0.261 0.4105937499999999 0.034781249999999986 0.04768749999999997
1 0.25165625 0.3680833333333333 0.03065625000000001 0.04529166666666669
1 0.3187578125 0.4050104166666667 0.07067187499999998 0.04914583333333334
1 0.429828125 0.6962187499999999 0.15721874999999996 0.09102083333333333
1 0.2391796875 0.40249999999999997 0.016609374999999992 0.031999999999999966
1 0.23675781250000003 0.3649479166666667 0.017265625000000017 0.038395833333333344
1 0.282046875 0.36906249999999996 0.029312499999999988 0.03858333333333335
1 0.3386171875 0.3647291666666667 0.02870312500000001 0.0394166666666667
1 0.311921875 0.36741666666666667 0.03268749999999998 0.043833333333333314
