0 0.6665703125000001 0.18876041666666668 0.183703125 0.18427083333333336
0 0.8140468750000001 0.26966666666666667 0.17528124999999994 0.15729166666666666
0 0.3346953125 0.19537499999999997 0.14789062499999997 0.14529166666666662
0 0.632984375 0.72934375 0.23762499999999998 0.2565208333333333
0 0.39606250000000004 0.7258437499999999 0.22584375 0.26068749999999996
0 0.228375 0.6044895833333332 0.22753125000000002 0.24268749999999994
0 0.8142734375 0.5807291666666666 0.22454687500000006 0.29066666666666663
0 0.15671875000000002 0.4404583333333333 0.1985 0.18008333333333332
0 0.2080546875 0.26979166666666665 0.181203125 0.22145833333333328
0 0.4814765625 0.15217708333333332 0.169046875 0.1672708333333333
0 0.8359531250000001 0.39776041666666667 0.20225 0.14831249999999999
