0 0.48700781250000014 0.7317213114754099 0.09010937500000003 0.05360655737704915
0 0.7604921875000001 0.6868032786885245 0.020421874999999992 0.02756440281030441
0 0.712796875 0.7129625292740047 0.023812500000000014 0.03018735362997655
0 0.7467265625000001 0.7173067915690866 0.14582812500000006 0.0770491803278688
0 0.5253671875 0.7055854800936767 0.026171875 0.04423887587822011
0 0.566859375 0.7207962529274003 0.0873125 0.08182669789227166
1 0.697875 0.5858313817330211 0.02159374999999999 0.02323185011709599
1 0.6511953125000001 0.5835245901639344 0.12339062500000005 0.06428571428571427
1 0.824078125 0.5999297423887588 0.025843749999999943 0.030210772833723667
1 0.8563515625 0.577400468384075 0.02507812499999993 0.03170960187353628
1 0.7724765625000001 0.5708665105386417 0.12751562499999994 0.08548009367681499
1 0.8790390625000001 0.574344262295082 0.023046875 0.0342154566744731
1 0.9846875000000002 0.5978337236533957 0.022000000000000065 0.023770491803278636
