2 0.49393750000000003 0.4552812499999999 0.021750000000000026 0.029770833333333316
2 0.12412500000000003 0.411875 0.12084375000000001 0.16758333333333333
2 0.1968984375 0.5184583333333332 0.10842187499999999 0.14987499999999998
2 0.24500781250000003 0.7061354166666667 0.12129687500000003 0.20760416666666662
2 0.296125 0.6718437500000001 0.044343749999999994 0.06614583333333333
2 0.35222656250000006 0.22993750000000002 0.269140625 0.1758333333333333
2 0.5488984375 0.2544895833333333 0.13882812500000005 0.17785416666666667
2 0.69575 0.2583020833333334 0.12175000000000002 0.15389583333333337
2 0.3446640625 0.399625 0.20729687499999994 0.18874999999999997
2 0.46538281249999996 0.49777083333333333 0.03595312499999999 0.025583333333333336
2 0.45133593750000006 0.5375520833333333 0.20735937500000007 0.20877083333333335
2 0.3413359375 0.6744895833333333 0.02795312499999998 0.024729166666666677
2 0.572265625 0.5208437499999999 0.1171875 0.14322916666666666
2 0.4453125 0.4614583333333333 0.71875 0.71875
