2 0.21608593750000005 0.7611041666666667 0.02857812499999999 0.10537499999999997
2 0.4510390625 0.76703125 0.035296874999999964 0.0803958333333334
2 0.34735156250000004 0.8701875 0.082390625 0.08254166666666668
2 0.39980468750000003 0.8649270833333332 0.04839062500000005 0.11552083333333331
2 0.15690625000000002 0.6721666666666666 0.04762500000000001 0.02645833333333331
2 0.8261953125 0.43726041666666665 0.03317187500000003 0.05272916666666667
2 0.9513046875000001 0.6735104166666666 0.04176562500000003 0.03260416666666662
2 0.9442187500000001 0.29743749999999997 0.008125000000000071 0.016458333333333346
2 0.880203125 0.2748125 0.04081250000000001 0.082125
2 0.8469921875000002 0.47154166666666675 0.08085937500000001 0.08637500000000002
2 0.6532890625000001 0.5568020833333333 0.09807812499999997 0.09239583333333332
2 0.17578125 0.9231874999999999 0.1328125 0.11458333333333333
2 0.0740703125 0.6983854166666668 0.10885937500000004 0.20622916666666669
2 0.49921875000000004 0.5208333333333334 0.9984375000000001 0.9541666666666666
