0 0.37331250000000005 0.6606770833333333 0.17696875000000004 0.22022916666666661
0 0.7238828125000001 0.6074895833333334 0.16348437500000002 0.20447916666666668
0 0.50309375 0.6288333333333332 0.10618749999999998 0.20674999999999996
0 0.646953125 0.4284375 0.14325000000000002 0.16812499999999997
0 0.5821015625 0.32047916666666665 0.08726562500000004 0.11166666666666665
0 0.3128125 0.19820833333333332 0.07584374999999999 0.079625
0 0.59553125 0.7153229166666667 0.17293750000000002 0.2435208333333333
0 0.574515625 0.48234374999999996 0.16440624999999998 0.2307291666666666
0 0.2781953125 0.3623645833333333 0.189609375 0.25593750000000004
0 0.28258593750000005 0.5479687500000001 0.154953125 0.17502083333333338
0 0.38115625000000003 0.2759479166666667 0.14231250000000004 0.2381875
