1 0.5221786492374728 0.4288100000000001 0.19010893246187363 0.16702000000000003
1 0.7616339869281047 0.41337 0.19442265795206976 0.15409999999999996
1 0.30647058823529416 0.44182 0.1617864923747277 0.14760000000000004
1 0.1932244008714597 0.41529999999999995 0.1952941176470588 0.20092000000000002
1 0.11897603485838781 0.58895 0.1793028322440087 0.12781999999999993
1 0.3064923747276689 0.5502400000000001 0.18636165577342048 0.08627999999999997
1 0.5003050108932462 0.5586800000000001 0.15864923747276682 0.09415999999999997
1 0.6239106753812637 0.52755 0.1548366013071895 0.11734000000000003
1 0.7762091503267974 0.51389 0.1476252723311547 0.08969999999999999
1 0.42131808278867106 0.27903999999999995 0.1685185185185185 0.15471999999999997
1 0.6328213507625273 0.32295 0.13470588235294115 0.1299
1 0.3838235294117648 0.40409999999999996 0.1257298474945534 0.12963999999999998
1 0.28252723311546846 0.29991 0.08287581699346404 0.09026000000000002
1 0.4281045751633987 0.289 0.851851851851852 0.578
