0 0.81692 0.5349159663865546 0.28624 0.37386554621848733
0 0.23105 0.22078431372549018 0.4621 0.43596638655462183
0 0.19816 0.6971988795518207 0.39632 0.5797759103641457
0 0.86089 0.19995798319327732 0.27822 0.37302521008403355
0 0.93722 0.6359663865546219 0.12555999999999995 0.6382072829131653
0 0.48092999999999997 0.59093837535014 0.38845999999999997 0.6217647058823529
0 0.64833 0.8435714285714286 0.64186 0.2927450980392157
0 0.65341 0.269187675070028 0.16038 0.1488515406162465
0 0.47513000000000005 0.2742436974789916 0.18606000000000006 0.17229691876750697
0 0.67505 0.5 0.18546000000000004 0.4960784313725491
0 0.6647500000000001 0.11514005602240898 0.14489999999999997 0.1943137254901961
0 0.56525 0.2530952380952381 0.0745 0.15890756302521009
