1 0.21586161879895566 0.5194765625000001 0.06033942558746736 0.03032812500000004
1 0.23610966057441254 0.1335625 0.04250652741514361 0.03643749999999999
1 0.566514360313316 0.10575000000000001 0.0281723237597911 0.019750000000000004
1 0.7390078328981724 0.0897734375 0.03159268929503922 0.019328124999999998
1 0.9380939947780678 0.11408593750000001 0.03342036553524807 0.022359375000000004
1 0.5470365535248042 0.19919531250000003 0.0338120104438642 0.019640625000000012
1 0.666527415143603 0.24837499999999998 0.02610966057441246 0.017531249999999998
1 0.5732506527415144 0.1943359375 0.02697127937336818 0.01645312499999998
1 0.6430156657963446 0.2537109375 0.024151436031331592 0.01707812500000001
1 0.6628720626631854 0.2702421875 0.03274151436031337 0.013328125000000003
1 0.7318015665796346 0.29792968750000004 0.027989556135770307 0.015171875000000013
1 0.269490861618799 0.15013281250000002 0.04592689295039165 0.02667187500000001
1 0.950065274151436 0.2281171875 0.03637075718015668 0.01964062499999999
1 0.6357702349869452 0.23125 0.6919060052219321 0.340625
