2 0.8895624999999999 0.7195093457943926 0.09503125000000008 0.10172897196261686
2 0.7841171875000001 0.7919158878504674 0.15279687500000005 0.1555140186915888
2 0.4965546875 0.7932943925233643 0.13782812499999997 0.14761682242990654
2 0.3396875000000001 0.7947313084112149 0.12462500000000004 0.1366588785046729
2 0.1513671875 0.3265771028037383 0.11898437499999999 0.1644158878504673
2 0.20135156250000003 0.7728621495327102 0.030640625000000022 0.0600233644859813
2 0.26290625 0.7659345794392524 0.02174999999999998 0.040373831775701
2 0.21910156250000004 0.7989485981308411 0.12435937500000001 0.1150934579439252
2 0.651640625 0.2634579439252336 0.07450000000000001 0.15420560747663548
2 0.5869765625 0.2803738317757009 0.051859375 0.1474299065420561
2 0.6872734375 0.26983644859813083 0.021828125000000045 0.09640186915887851
2 0.63909375 0.344427570093458 0.034468750000000006 0.029135514018691584
2 0.6063828125 0.3221378504672897 0.04026562499999997 0.045771028037383185
2 0.6515625 0.3481308411214953 0.125 0.04672897196261682
