1 0.36938281250000005 0.40556541019955655 0.104796875 0.2741906873614191
1 0.30590625 0.6841463414634147 0.1660625 0.24838137472283817
1 0.1970703125 0.5465188470066519 0.20173437500000002 0.16501108647450108
1 0.8305703125000001 0.3873392461197339 0.22385937500000008 0.16749445676274943
1 0.6450468750000001 0.7661529933481153 0.19187500000000002 0.3270731707317073
1 0.52146875 0.41876940133037693 0.17990625 0.19292682926829266
1 0.8407421875000001 0.5466629711751664 0.166109375 0.10565410199556542
1 0.8537187500000001 0.4918181818181818 0.1498124999999999 0.08079822616407982
1 0.4073359375 0.734390243902439 0.12132812499999997 0.35968957871396895
1 0.487921875 0.7303104212860311 0.07946875000000003 0.28847006651884693
1 0.6356953125000001 0.24016629711751664 0.09654687500000003 0.07829268292682927
1 0.6926484375 0.6733481152993348 0.14767187499999998 0.2668736141906874
1 0.7903125000000001 0.2812749445676275 0.18653125 0.05270509977827053
1 0.534375 0.401330376940133 0.9281250000000001 0.6119733924611973
