2 0.45941406250000005 0.3676112412177986 0.11051562500000003 0.13747072599531612
2 0.58065625 0.33117096018735365 0.10499999999999998 0.17484777517564407
2 0.17191406250000002 0.2934894613583138 0.034765625 0.033676814988290386
2 0.06596875 0.5412060889929743 0.09596875000000002 0.2606791569086651
2 0.2293984375 0.6112295081967213 0.10495312500000001 0.23819672131147537
2 0.137171875 0.531135831381733 0.10284375 0.29763466042154574
2 0.117171875 0.6581733021077283 0.03706249999999999 0.10088992974238872
2 0.3173828125 0.6764871194379392 0.108609375 0.16379391100702576
2 0.34034375 0.38052693208430916 0.14093750000000002 0.24494145199063233
2 0.444546875 0.4887704918032787 0.14243750000000005 0.1640515222482436
2 0.3141015625 0.5438290398126464 0.079453125 0.1573067915690867
2 0.6910703125 0.16004683840749415 0.03267187500000004 0.06032786885245901
2 0.601921875 0.4636416861826698 0.07815624999999998 0.12597189695550348
2 0.5 0.49882903981264637 0.9968750000000001 0.9976580796252927
