2 0.523125 0.290625 0.04759374999999997 0.21258333333333335
2 0.32778906249999995 0.519625 0.15232812499999998 0.04295833333333334
2 0.4468281250000001 0.67746875 0.13309375 0.3239375
2 0.35807031250000004 0.46882291666666664 0.140890625 0.05677083333333333
2 0.563546875 0.29525 0.04146875000000003 0.20687500000000003
2 0.8115859375 0.4839895833333333 0.149515625 0.05852083333333334
2 0.8516874999999999 0.46242708333333327 0.13925 0.05747916666666667
2 0.6082343750000001 0.35383333333333333 0.08490625000000006 0.16016666666666665
2 0.746796875 0.59690625 0.06343750000000004 0.1541458333333333
2 0.6165234375 0.5372708333333333 0.15532812499999996 0.13445833333333337
2 0.8351171875000001 0.35611458333333335 0.1634843749999999 0.08989583333333334
2 0.8162343750000001 0.58571875 0.1129999999999999 0.08052083333333329
2 0.7306875 0.6220104166666667 0.09381250000000003 0.20347916666666663
2 0.58515625 0.43645833333333334 0.6859375000000001 0.3645833333333333
