1 0.34500000000000003 0.4294405594405595 0.07890625000000001 0.10745920745920745
1 0.2998359375 0.4129370629370629 0.05704687499999999 0.09780885780885783
1 0.4100234375 0.45142191142191146 0.06414062500000002 0.051608391608391646
1 0.34571875 0.5071212121212121 0.061218750000000016 0.05620046620046623
1 0.2685546875 0.34058275058275056 0.069640625 0.10312354312354312
1 0.1604140625 0.40808857808857807 0.07489062499999999 0.07533799533799532
1 0.46580468750000004 0.4464219114219114 0.057953124999999966 0.08426573426573428
1 0.3209765625 0.3467132867132867 0.049734374999999977 0.07356643356643357
1 0.6360859375 0.6026689976689976 0.07404687499999998 0.10766899766899767
1 0.24745312500000002 0.43308857808857804 0.07640625000000001 0.09587412587412586
1 0.16955468750000002 0.2552797202797203 0.048484375 0.0707925407925408
1 0.12896875 0.29409090909090907 0.053375 0.04384615384615382
1 0.24890625000000002 0.2543356643356643 0.05350000000000002 0.04848484848484848
1 0.51171875 0.6142191142191142 0.9734375000000001 0.7668997668997669
