2 0.34895833333333337 0.7930703125000002 0.25525 0.3887031250000001
2 0.12552777777777777 0.9194375000000001 0.25105555555555553 0.13778124999999994
2 0.5881527777777779 0.76290625 0.05858333333333335 0.08184375000000009
2 0.7999583333333334 0.20284375 0.03747222222222225 0.06678125
2 0.7655416666666668 0.46558593750000005 0.02847222222222222 0.03145312499999999
2 0.33118055555555553 0.1757109375 0.033083333333333326 0.040578125
2 0.11024999999999997 0.145 0.21794444444444444 0.20475
2 0.36344444444444446 0.08109375 0.11188888888888894 0.07296875000000001
2 0.47477777777777785 0.10257812500000002 0.11705555555555561 0.059468750000000015
2 0.6617916666666667 0.8765937500000001 0.4291388888888889 0.2468125
2 0.8306666666666666 0.6484453125 0.11788888888888889 0.033546875000000045
2 0.7253888888888889 0.19199218750000002 0.18244444444444446 0.08376562500000002
2 0.7960833333333333 0.4890234375 0.21905555555555553 0.09242187499999997
2 0.5 0.36640625000000004 0.9944444444444445 0.7296875
