2 0.051640624999999996 0.6857377049180328 0.1 0.22112412177985946
2 0.46335937499999996 0.7853747072599532 0.10949999999999999 0.22325526932084305
2 0.37441406250000003 0.7726697892271663 0.14914062500000003 0.2611709601873536
2 0.29447656250000004 0.7763114754098361 0.12170312500000002 0.22423887587822014
2 0.21068750000000003 0.7745901639344263 0.06849999999999999 0.19545667447306786
2 0.1378828125 0.7471779859484776 0.11654687500000001 0.2322950819672131
2 0.257578125 0.8664285714285715 0.078125 0.0818032786885246
2 0.9596718750000002 0.9318852459016392 0.08065625000000001 0.13070257611241218
2 0.28939062499999996 0.7556323185011709 0.08228125 0.140632318501171
2 0.19659375 0.7529625292740046 0.052875000000000005 0.21374707259953157
