0 0.9358125000000002 0.6438732394366197 0.04290625000000006 0.06446009389671357
0 0.7836015625 0.5516666666666666 0.04126562500000004 0.06741784037558686
0 0.8164609375000002 0.5626643192488263 0.03410937500000007 0.06166666666666669
0 0.7544921875 0.5340023474178405 0.02979687499999999 0.05115023474178402
0 0.7814375 0.5073474178403756 0.025124999999999977 0.02577464788732392
0 0.7626328125000001 0.5123826291079812 0.02254687500000001 0.025046948356807482
0 0.8315390625000001 0.5247887323943662 0.04014062500000009 0.05840375586854459
0 0.895375 0.6437793427230047 0.043906250000000036 0.06624413145539913
0 0.9700234375000001 0.7005046948356807 0.043984374999999964 0.028615023474178398
0 0.9616640625000001 0.6821009389671362 0.04535937499999996 0.04284037558685446
0 0.7721562500000001 0.7020774647887323 0.026968749999999986 0.034624413145539906
0 0.893625 0.558274647887324 0.04262499999999996 0.06077464788732391
0 0.7414765625 0.6679225352112675 0.03201562500000001 0.055657276995305115
0 0.77109375 0.6056338028169014 0.4546875 0.23004694835680753
