2 0.327171875 0.2899526813880126 0.036656250000000015 0.0222082018927445
2 0.545625 0.2732649842271293 0.09684375000000003 0.029022082018927454
2 0.30105468750000003 0.27234227129337535 0.01979687499999998 0.01575709779179812
2 0.37189062500000003 0.27785488958990534 0.0549375 0.04851735015772869
2 0.4395781250000001 0.28991324921135647 0.036843749999999974 0.02383280757097794
2 0.4225703125 0.2689353312302839 0.028671875000000038 0.04212933753943219
2 0.303296875 0.2867034700315457 0.028249999999999977 0.031514195583596194
2 0.34217968750000005 0.2642271293375394 0.041953124999999994 0.03328075709779179
2 0.4050078125 0.3173817034700316 0.028265625000000006 0.010000000000000005
2 0.4626328125 0.29425867507886433 0.014109374999999959 0.019053627760252385
2 0.27790625 0.29779968454258676 0.029718750000000016 0.035347003154574126
2 0.42028906250000003 0.3028391167192429 0.026734375000000022 0.020946372239747636
2 0.4639140625 0.28571766561514195 0.06635937499999996 0.07421135646687699
