2 0.2989609375 0.3011220043572985 0.22723437500000002 0.3505664488017429
2 0.7118125000000001 0.4220152505446624 0.01193749999999998 0.031568627450980415
2 0.71628125 0.5211873638344227 0.021750000000000026 0.04002178649237474
2 0.7027578125 0.5070370370370372 0.036421875000000006 0.049237472766884526
2 0.7273125 0.48438997821350765 0.023312500000000028 0.027995642701525044
2 0.7320000000000001 0.41179738562091506 0.01946874999999997 0.036710239651416114
2 0.7268046875 0.435119825708061 0.029203124999999996 0.03921568627450981
2 0.7090390625 0.45637254901960794 0.05910937499999998 0.06856209150326797
2 0.6928515625 0.5422875816993464 0.027046875000000005 0.03729847494553372
2 0.56740625 0.4298583877995643 0.03403124999999996 0.03980392156862748
2 0.5638437500000001 0.49385620915032685 0.025093750000000005 0.021263616557734188
2 0.7032031249999999 0.3940196078431373 0.040374999999999966 0.07718954248366015
