2 0.24264843750000004 0.37773958333333335 0.11132812500000003 0.11614583333333334
2 0.24603906250000002 0.5043854166666667 0.08307812500000003 0.1161041666666667
2 0.143078125 0.5698854166666666 0.06921875 0.1103541666666666
2 0.41032031250000006 0.7678229166666667 0.11098437500000001 0.13677083333333329
2 0.24774218750000002 0.7175208333333334 0.197921875 0.25570833333333337
2 0.38246875 0.7503854166666667 0.05071874999999997 0.07914583333333335
2 0.4437031250000001 0.80421875 0.21790625000000008 0.2725208333333333
2 0.6793828125 0.7814166666666666 0.07082812499999998 0.06958333333333329
2 0.2924375 0.5415833333333333 0.05390625 0.03350000000000002
2 0.4053359375000001 0.34494791666666663 0.08595312500000003 0.09214583333333332
2 0.046054687500000004 0.87659375 0.09210937500000001 0.24681250000000005
2 0.8606484375000001 0.8524791666666666 0.1706093750000001 0.25225
2 0.4048828125 0.9415312499999998 0.11567187499999997 0.08739583333333331
2 0.5 0.6395833333333333 0.9968750000000001 0.7166666666666667
