2 0.34965625 0.60128125 0.07296874999999999 0.0536041666666667
2 0.3529453125 0.55665625 0.028453125000000013 0.02677083333333338
2 0.30796875 0.5386875 0.05750000000000002 0.048208333333333304
2 0.4223125 0.5428125 0.035781249999999966 0.024416666666666722
2 0.4075390625000001 0.5753854166666666 0.04848437500000005 0.04768749999999997
2 0.5549140625 0.46690625 0.031140625000000012 0.03472916666666664
2 0.5228046875000001 0.4745 0.020078125000000037 0.02308333333333336
2 0.56834375 0.48798958333333337 0.012031249999999983 0.022354166666666644
2 0.49390625000000005 0.48214583333333333 0.02318749999999996 0.04204166666666668
2 0.4824453125 0.48708333333333337 0.017234374999999958 0.028041666666666683
2 0.5330859375 0.48240625 0.016796875 0.03135416666666669
2 0.468265625 0.5330937499999999 0.023812500000000014 0.006812499999999962
2 0.6027187500000001 0.47685416666666663 0.025124999999999977 0.04962499999999999
2 0.45937500000000003 0.5125 0.325 0.13333333333333333
