0 0.21465625 0.6730104166666666 0.019468750000000014 0.02414583333333328
0 0.2260390625 0.6856354166666667 0.021015624999999982 0.02247916666666671
0 0.24726562500000002 0.6924166666666667 0.017249999999999988 0.02470833333333336
0 0.19619531250000002 0.6674479166666667 0.018390625000000018 0.022604166666666713
0 0.285390625 0.705 0.011531249999999993 0.014083333333333314
0 0.29841406249999997 0.7059270833333334 0.019453124999999984 0.020562500000000008
0 0.29124999999999995 0.677875 0.011781249999999988 0.013333333333333286
0 0.23657031250000002 0.6452083333333333 0.016890625000000003 0.020000000000000046
0 0.15440625 0.653875 0.0753125 0.03787500000000001
0 0.259015625 0.6943437499999999 0.010437500000000011 0.011562500000000024
0 0.2783359375 0.6655833333333334 0.01389062499999998 0.020125000000000053
0 0.2787578125 0.7135729166666667 0.01657812499999998 0.018270833333333295
0 0.3059453125 0.7210416666666666 0.024265625000000002 0.025833333333333285
0 0.26640625 0.678125 0.13593750000000002 0.10625
